12 17 40 77 86 108 126 143 149 157 158 171 194
12 21 29 30 57 84 85 97 105 111 136 148 222
13 11 19 23 26 36 40 98 143 158 176 185 188 191
12 6 16 25 64 95 100 101 163 169 184 187 228
12 46 53 71 98 104 117 126 129 141 144 206 226
13 14 76 90 102 111 145 174 179 186 205 222 225 233
12 3 16 25 27 110 119 184 187 193 208 228 229
12 32 60 72 73 85 102 111 133 136 138 179 236
12 18 28 33 69 132 134 172 178 192 216 220 237
11 22 54 59 61 63 91 94 96 107 152 175
13 20 49 67 82 131 146 156 181 200 208 213 219 221
14 2 36 40 55 66 74 108 119 124 128 143 173 176 185
12 18 33 62 66 69 71 154 161 172 173 183 185
13 54 61 79 88 96 99 130 197 217 218 231 232 235
13 5 24 44 63 76 87 90 91 145 170 186 233 239
12 49 72 74 86 108 133 138 146 155 171 182 215
14 3 6 25 36 50 66 119 128 159 163 169 178 184 229
12 0 46 77 86 117 126 127 135 157 194 206 238
13 8 12 21 30 38 62 69 97 134 172 180 183 198
13 2 26 43 48 58 139 140 159 168 176 188 189 223
13 10 25 34 100 131 139 156 181 187 208 211 219 223
12 1 18 30 35 69 84 97 104 105 148 183 203
13 9 54 59 83 89 94 96 141 144 167 175 203 226
11 2 26 33 71 98 113 129 185 191 192 237
12 14 44 76 91 123 152 162 164 170 197 201 233
14 3 6 16 20 100 128 139 156 159 169 187 193 208 223
12 2 19 23 36 50 58 113 116 159 168 188 192
12 6 32 39 78 93 110 180 184 198 207 228 229
12 8 99 113 116 122 132 153 167 192 216 220 237
12 1 30 56 60 105 109 111 136 145 186 207 239
12 1 18 21 29 35 38 56 97 105 136 198 207
12 43 47 53 79 83 89 112 168 188 191 217 231
12 7 27 39 60 73 75 93 110 133 136 198 207
10 8 12 23 36 50 66 172 178 185 192
12 20 88 100 131 137 139 140 177 189 210 211 212
12 21 30 38 56 105 107 122 132 150 175 203 220
12 2 11 16 26 33 50 66 128 159 176 178 185
12 38 41 78 95 134 150 153 163 184 190 216 220
10 18 30 35 37 56 78 134 150 180 220
11 27 32 49 55 62 74 75 110 119 133 193
11 0 2 11 48 108 124 143 149 158 171 176
11 37 61 95 99 118 122 125 150 153 190 218
10 43 48 77 92 112 115 149 158 188 214
13 19 31 42 48 79 115 140 168 188 189 210 212 214
13 14 24 45 52 87 90 106 114 160 164 165 170 233
13 44 60 73 80 87 90 93 106 109 145 147 160 179
14 4 17 57 84 104 117 121 127 135 148 151 206 226 238
12 31 54 79 81 83 112 115 123 142 199 217 235
14 19 40 42 43 82 124 140 149 158 176 188 214 219 223
14 10 15 39 67 72 73 74 110 133 146 156 193 208 213
13 16 26 33 36 58 101 116 159 163 169 178 192 216
12 57 59 63 76 84 94 121 151 152 174 222 234
12 44 106 114 131 160 164 165 177 181 195 211 221
13 4 31 77 83 89 98 112 117 129 141 158 188 191
13 9 13 22 47 61 83 94 96 123 152 197 199 217
12 11 39 62 66 74 75 108 119 154 155 157 173
11 29 30 35 38 105 107 109 125 150 190 239
13 1 46 51 84 85 111 121 135 148 174 222 236 238
12 19 26 50 101 116 137 139 159 168 169 189 232
11 9 22 51 63 84 94 105 107 175 203 226
12 7 29 32 45 73 93 109 111 136 145 179 207
12 9 13 41 54 91 96 99 107 122 125 130 197
12 12 18 39 55 66 75 97 154 172 180 198 229
12 9 14 51 59 76 91 105 107 152 186 222 239
11 3 68 80 95 100 106 118 147 187 211 228
12 67 70 72 102 103 182 202 205 209 215 227 230
13 11 12 16 33 36 55 62 119 172 173 178 185 229
13 10 49 65 70 72 82 103 146 200 213 215 221 230
11 64 88 95 100 101 114 118 130 137 211 218
11 8 12 18 21 71 104 132 144 183 203 237
12 65 67 72 73 90 102 160 165 205 213 221 230
12 4 12 23 69 98 104 126 129 144 161 185 237
12 7 15 49 65 67 70 73 102 133 138 182 215
13 7 32 45 49 60 70 72 93 110 133 160 179 213
12 11 15 39 49 55 108 119 124 133 146 156 193
13 32 39 55 62 85 97 133 136 138 154 155 196 198
13 5 14 24 51 63 152 162 174 186 222 225 233 234
11 0 17 42 53 92 112 117 127 149 158 194
11 27 37 38 93 109 147 180 184 190 207 228
12 13 31 43 47 88 168 189 212 217 231 232 235
12 45 64 93 106 110 147 160 181 187 208 213 228
13 47 92 112 115 120 123 142 162 166 199 202 204 224
12 10 48 67 103 124 146 149 171 200 214 215 219
13 22 31 47 53 54 89 94 112 117 141 199 217 224
11 1 21 46 51 57 59 104 148 203 222 226
12 1 7 57 75 97 111 135 136 138 148 196 236
14 0 15 17 108 135 138 155 157 171 182 194 196 215 238
12 14 44 45 106 109 118 125 145 147 170 190 239
14 13 34 68 79 114 130 137 177 189 201 212 218 232 235
12 22 31 53 83 96 113 129 141 167 191 217 231
12 5 14 44 45 70 102 145 160 165 179 205 233
11 9 14 24 61 63 107 125 152 170 197 239
12 42 77 81 103 112 127 149 166 194 202 204 227
12 27 32 45 60 73 78 80 109 110 147 207 228
12 9 22 51 54 59 83 151 152 199 224 226 234
12 3 37 41 64 68 101 118 147 153 163 190 228
12 9 13 22 54 61 89 99 122 167 175 217 231
13 1 18 21 30 62 75 85 136 148 154 183 196 198
12 2 4 23 53 71 126 129 143 158 185 188 191
11 13 28 41 61 96 116 122 153 218 231 232
12 3 20 25 34 64 68 101 137 139 169 187 211
13 3 50 58 68 95 100 116 137 153 163 169 218 232
14 5 7 65 70 72 90 111 174 179 182 205 209 225 236
13 65 67 82 92 149 166 194 200 202 214 215 227 230
13 4 21 46 69 71 84 144 148 161 183 203 206 226
12 1 21 29 30 35 56 59 63 107 186 222 239
12 44 45 52 64 80 87 114 118 147 160 181 211
13 9 35 56 59 61 63 91 105 122 125 150 175 239
12 0 11 15 40 55 74 86 143 155 157 171 173
12 29 45 56 60 78 87 93 145 147 190 207 239
12 6 27 32 39 49 73 80 93 193 208 213 228
14 1 5 7 29 57 60 85 102 136 174 179 186 222 236
11 31 42 47 53 77 81 83 92 115 117 224
12 23 26 28 89 116 129 167 168 191 192 231 237
12 44 52 68 88 106 118 130 164 170 177 201 211
10 42 43 47 81 112 142 166 210 212 214
13 26 28 50 58 99 101 113 153 168 192 216 231 232
12 4 17 46 53 77 83 112 127 141 151 224 226
13 41 64 68 87 95 106 114 125 130 147 170 190 218
10 6 11 16 39 55 66 74 128 193 229
11 81 142 162 164 165 166 195 202 205 230 233
14 46 51 57 127 151 174 204 209 224 225 227 234 236 238
11 28 35 41 61 96 99 107 132 150 175 220
12 24 47 54 81 142 152 162 164 197 199 201 235
11 11 40 48 74 82 128 146 156 171 176 223
11 41 56 61 87 91 107 118 150 170 190 239
10 0 4 17 71 98 143 157 161 173 206
12 17 46 77 92 117 121 151 204 209 224 227 238
11 11 16 25 36 119 124 156 159 176 193 223
12 4 23 53 71 89 98 113 141 144 167 191 237
11 13 61 68 88 114 118 170 197 201 218 235
12 10 20 34 52 177 181 195 200 210 211 219 221
11 8 28 35 69 122 144 167 175 203 220 237
11 7 15 32 39 49 72 73 74 75 138 155
11 8 18 37 38 163 172 178 180 184 216 220
14 17 46 57 85 86 138 148 155 157 182 196 206 236 238
12 1 7 29 30 32 60 75 85 97 111 198 207
11 34 58 68 88 100 101 139 169 189 218 232
12 7 15 72 75 85 86 133 135 155 182 196 236
12 19 20 25 34 58 100 137 140 159 169 189 223
11 19 34 43 48 139 189 210 212 214 219 223
11 4 22 53 83 89 117 129 144 167 191 226
13 47 81 115 120 123 162 164 166 177 195 201 212 235
11 0 2 11 40 98 108 126 157 158 173 185
12 4 22 69 71 104 129 132 141 167 203 226 237
11 5 14 29 45 60 87 90 109 179 186 239
11 10 15 49 67 74 82 124 156 171 193 215
12 45 64 78 80 87 93 95 106 109 118 190 228
12 1 21 46 57 84 85 97 104 135 183 196 206
12 0 40 42 48 77 82 92 103 158 171 194 214
10 35 37 38 41 56 107 122 125 190 220
10 46 51 94 117 121 127 204 224 226 234
13 9 24 51 54 63 76 91 94 123 162 197 199 234
11 28 37 41 95 99 101 116 163 216 218 220
11 12 55 62 75 97 155 157 161 173 183 196
11 15 55 75 86 108 133 135 138 154 157 196
12 10 20 25 49 74 124 128 146 193 208 219 223
14 0 17 55 86 108 126 135 143 154 155 161 173 196 206
12 0 2 40 42 48 53 77 98 143 149 188 191
12 16 19 25 26 36 50 58 128 139 169 176 223
12 44 45 52 70 73 80 90 106 165 181 213 221
10 12 71 104 126 154 157 173 183 196 206
13 24 76 81 120 123 142 152 164 199 204 225 233 234
12 3 16 37 50 95 101 134 153 169 178 184 216
14 24 44 52 114 120 123 142 162 165 170 177 195 201 233
12 44 52 70 90 120 160 164 195 205 221 230 233
12 81 92 103 115 120 142 195 200 202 210 214 230
12 22 28 89 96 113 129 132 141 144 175 203 237
13 19 26 31 43 58 79 113 116 188 189 191 231 232
11 3 16 25 50 58 100 101 137 139 159 163
12 14 24 44 87 91 114 118 125 130 164 197 201
11 0 15 40 82 86 108 124 146 149 194 215
10 8 12 18 33 62 66 134 178 180 229
11 11 12 55 66 108 126 143 154 157 161 185
12 5 51 57 76 102 111 121 209 222 225 234 236
10 9 22 35 59 96 107 122 132 167 203
10 2 11 19 36 40 48 124 128 159 223
13 34 52 88 114 131 142 164 195 201 210 211 212 235
13 8 16 33 36 50 66 134 163 172 184 192 216 229
9 5 7 45 60 73 90 102 111 145
11 18 27 38 62 78 134 172 184 198 207 229
12 10 20 52 80 106 131 160 187 208 211 213 221
13 15 65 72 86 102 135 138 194 209 215 227 236 238
11 12 18 21 69 97 104 148 154 161 196 206
12 3 6 16 27 37 78 134 163 178 180 228 229
11 2 11 12 23 33 36 66 71 98 143 173
10 5 14 29 63 76 105 111 145 222 239
11 3 6 20 25 64 80 100 181 208 211 228
12 2 19 26 31 42 43 48 53 98 158 168 191
12 19 34 43 58 79 88 137 139 140 168 212 232
11 37 41 56 78 87 95 109 118 125 147 150
12 2 23 31 53 89 98 113 129 141 158 168 188
11 8 23 26 28 33 50 113 116 178 216 237
11 6 25 39 49 74 110 119 128 146 156 208
11 0 17 77 86 92 103 149 171 182 215 227
13 52 120 131 142 164 165 166 177 200 210 212 221 230
13 75 85 86 97 135 138 148 154 155 157 161 183 206
11 13 24 54 61 91 123 130 152 170 201 235
10 18 27 30 32 62 75 97 136 180 207
11 47 54 81 83 94 123 152 162 204 224 234
12 10 67 82 103 131 166 195 210 214 219 221 230
11 24 88 114 123 130 142 164 170 177 197 235
12 65 81 92 103 120 166 204 205 209 225 227 230
12 21 22 35 59 69 84 104 132 144 167 175 226
13 81 92 121 127 151 162 199 202 209 224 225 227 234
12 5 65 70 90 102 120 165 202 209 225 230 233
11 4 17 46 104 126 135 148 157 161 183 196
11 27 29 30 32 60 78 93 109 136 180 198
12 6 10 20 25 49 80 110 156 181 187 193 213
13 65 102 121 127 174 182 202 204 205 225 227 236 238
12 34 43 115 131 140 166 177 195 200 212 214 219
12 20 34 52 64 68 100 106 114 131 177 181 187
12 34 43 79 88 115 140 142 177 189 195 210 235
11 10 49 67 70 73 80 110 160 181 208 221
12 42 43 48 82 103 115 140 149 166 200 210 219
12 15 65 67 72 82 86 103 146 171 182 194 227
11 8 28 37 50 116 134 153 163 178 192 220
10 13 31 47 54 79 83 89 96 231 235
11 13 41 68 88 99 101 118 130 137 153 232
11 10 20 48 82 131 140 156 200 210 214 223
11 8 28 35 37 38 122 132 134 150 153 216
12 10 52 67 70 131 160 165 181 195 200 213 230
11 1 5 51 57 63 76 84 105 111 174 186
12 19 20 25 48 124 128 139 140 156 159 176 219
11 81 83 94 112 117 121 127 151 199 204 234
12 5 76 102 121 162 174 202 204 205 209 233 234
12 4 22 46 59 84 94 104 117 141 144 151 203
12 65 92 103 121 127 182 194 202 204 209 215 238
12 3 6 27 64 78 80 93 95 110 147 184 187
10 6 16 27 62 66 119 172 178 180 184
12 65 67 70 103 120 165 166 195 200 202 205 221
11 13 31 79 89 96 99 113 116 168 217 232
12 13 58 79 88 99 101 116 137 168 189 218 231
12 5 14 24 44 76 90 120 162 164 165 205 225
12 51 76 94 121 151 152 162 174 199 204 224 225
12 13 47 79 88 123 130 142 177 197 201 212 217
12 7 57 85 102 111 121 135 138 174 182 209 238
11 8 23 28 69 71 113 129 132 144 167 192
11 17 46 57 86 121 127 135 182 209 227 236
12 14 29 56 63 87 91 105 107 109 125 145 186
