12 11 40 62 71 75 108 121 126 146 157 229 236
11 21 29 57 84 97 104 148 182 186 206 222
12 12 23 26 31 36 39 69 98 129 134 176 185
10 16 19 20 25 43 50 64 100 124 128
11 12 46 71 77 97 117 129 135 161 167 175
12 49 51 57 70 76 141 174 179 209 227 230 238
12 16 27 30 55 60 74 100 119 172 184 198 207
12 15 32 49 73 75 85 138 154 182 209 226 236
12 12 18 28 35 39 69 107 132 175 183 192 203
13 14 24 61 90 91 94 96 122 123 150 152 170 234
12 20 43 64 68 80 82 110 140 166 177 181 200
12 0 25 40 66 108 124 126 131 143 146 156 223
11 2 4 8 39 71 129 167 175 183 185 203
10 24 47 99 115 123 164 170 201 205 212
13 9 24 51 63 90 91 102 105 152 179 222 234 239
12 7 32 55 60 74 108 138 154 156 193 198 208
11 3 6 27 33 55 66 100 128 172 173 229
12 40 121 127 141 146 151 161 194 196 206 215 236
13 8 21 27 29 30 35 38 39 62 132 173 183 192
11 3 25 26 34 43 50 79 128 139 177 187
13 3 10 43 55 64 74 82 100 110 124 156 193 200
10 1 18 29 35 62 84 97 148 175 183
12 46 53 54 59 89 94 112 117 135 144 167 224
14 2 26 31 34 58 69 79 98 113 134 158 178 220 231
12 9 13 14 76 90 123 164 179 204 205 233 234
13 3 11 19 26 36 66 124 126 128 131 143 176 187
13 2 19 23 25 31 34 36 50 79 128 134 176 220
13 6 16 18 30 33 38 132 172 173 184 192 207 216
12 8 41 56 69 107 122 132 150 153 203 231 237
12 1 18 21 30 35 38 85 111 136 148 184 186
12 6 18 27 29 62 75 85 148 173 184 198 229
11 2 23 26 53 79 98 129 158 168 176 188
10 7 15 49 67 72 73 138 160 193 208
11 16 27 36 39 128 134 159 172 173 192 216
14 19 23 26 50 58 79 113 139 177 189 211 220 232 235
11 8 18 21 29 38 56 84 105 107 111 132
12 2 25 26 33 39 66 126 128 157 173 176 185
11 38 41 56 78 95 109 125 132 180 207 216
12 18 27 29 35 37 56 109 111 132 136 184 207
11 2 8 12 18 33 36 69 173 183 185 192
13 0 11 17 71 77 92 126 127 143 146 161 194 223
12 28 37 56 61 95 101 125 130 132 150 153 237
15 48 79 92 131 139 143 149 168 187 188 195 197 210 219 223
14 3 10 19 20 64 82 124 131 139 140 166 177 187 195
10 87 90 99 106 118 147 164 165 190 213
11 70 72 73 78 87 93 102 106 109 145 213
11 4 22 59 63 84 97 104 135 144 167 175
12 13 54 81 88 96 112 115 123 199 205 212 217
11 42 81 92 120 149 168 188 197 199 214 224
11 5 7 32 70 72 73 138 174 209 226 230
12 3 19 26 34 64 128 134 159 163 177 211 220
12 5 14 57 59 63 104 179 204 222 234 238 239
14 67 80 103 115 118 142 162 164 165 166 181 200 201 221
11 22 31 89 98 112 117 129 158 167 188 224
13 22 47 59 83 94 112 123 199 204 205 224 225 234
12 6 15 16 20 66 74 100 108 124 156 198 229
13 28 35 37 38 41 91 105 107 109 111 125 132 150
11 1 5 51 104 182 186 206 209 222 226 239
12 23 34 79 81 113 139 158 188 189 197 217 235
12 22 46 51 54 63 83 104 135 151 204 225 238
11 6 15 73 74 78 85 93 119 136 184 198
12 9 41 90 91 116 122 125 130 150 153 170 190
12 0 18 21 30 71 75 121 148 157 173 183 229
13 14 46 51 59 84 94 104 105 144 152 204 222 234
12 3 10 20 43 50 68 100 110 137 163 177 211
15 86 103 120 141 149 155 171 174 194 196 202 215 219 221 227
11 11 16 25 36 55 108 124 126 157 173 229
14 32 52 72 80 155 160 165 171 174 193 200 208 221 230
15 10 64 80 110 114 118 133 137 140 147 169 177 181 211 218
12 2 8 23 28 39 98 134 178 192 203 231 237
12 5 45 49 72 102 145 179 213 226 230 233 239
13 0 4 12 40 62 77 97 121 126 157 161 183 185
12 32 45 49 67 70 73 93 106 160 165 213 230
11 7 32 45 49 60 72 85 93 136 145 226
12 6 15 20 55 60 93 100 110 119 160 193 198
12 0 7 30 62 85 108 121 148 182 198 229 236
13 5 24 162 174 179 202 204 205 221 225 227 230 233
12 4 40 71 92 117 127 129 143 161 168 176 185
12 37 45 60 87 93 109 119 136 180 184 207 228
13 19 23 26 31 34 42 58 139 168 176 187 188 197
12 10 52 67 68 106 110 118 133 160 165 181 200
12 47 48 58 88 112 158 188 197 199 214 217 224
14 10 20 43 86 124 131 156 166 171 195 200 208 219 223
12 54 59 117 120 127 135 151 215 224 225 227 238
13 1 21 35 46 63 97 104 105 107 144 152 175 222
13 7 29 30 60 73 75 136 148 182 184 186 198 226
12 65 82 146 154 155 156 171 194 196 208 219 223
10 44 45 78 95 106 109 125 147 190 228
13 47 81 114 115 142 189 197 199 201 212 214 217 235
12 22 53 94 98 112 122 144 158 167 191 203 231
10 9 14 24 44 61 91 102 125 170 190
12 9 14 56 61 90 102 105 109 111 125 150 152
11 40 42 48 77 127 143 149 168 194 215 223
11 45 60 72 73 74 78 106 119 133 160 228
11 9 22 54 63 89 96 112 123 144 152 234
11 37 41 87 101 125 130 147 169 180 190 228
11 9 47 94 112 116 122 123 170 191 212 217
13 1 4 21 46 71 84 104 121 135 148 161 175 206
11 2 23 31 53 69 89 129 158 191 203 231
13 13 44 114 116 118 130 147 170 189 190 201 212 218
12 3 6 16 20 55 64 74 110 119 137 163 172
14 41 95 130 153 159 163 169 178 180 211 216 220 232 237
10 14 45 70 90 91 109 145 179 213 239
14 52 65 115 120 142 149 162 166 171 199 202 210 214 221
13 1 46 51 57 59 63 84 97 135 151 206 222 238
11 14 35 56 63 84 91 107 111 150 152 222
13 44 45 72 80 87 93 118 133 147 160 165 213 228
11 8 28 35 56 84 105 144 150 152 175 203
13 0 11 15 55 66 75 124 146 154 156 198 229 236
12 37 38 45 56 78 87 91 102 111 125 136 145
11 10 20 64 68 74 80 100 133 137 160 193
11 29 35 38 56 91 105 109 136 145 186 222
12 22 47 53 54 81 89 94 96 158 191 217 224
13 23 34 58 116 153 158 178 189 191 217 220 231 232
13 68 88 99 118 140 142 177 181 189 201 218 232 235
14 13 47 52 88 103 142 162 164 199 201 202 205 212 214
12 61 96 99 113 130 153 170 189 212 217 218 232
9 4 22 53 77 83 127 129 135 224
14 44 52 68 80 99 106 114 133 147 164 165 181 201 218
11 6 60 74 78 93 100 137 172 180 207 228
11 48 65 83 103 149 199 202 214 215 225 227
11 0 17 62 71 75 97 148 161 182 206 236
11 9 28 61 89 96 150 152 153 191 203 231
11 9 13 24 47 54 94 96 170 204 205 234
11 3 11 20 25 43 55 66 82 108 131 156
11 37 41 56 61 87 90 91 95 109 150 190
11 0 11 25 36 40 66 71 143 157 176 185
11 17 40 77 83 92 117 135 151 161 194 215
10 3 16 19 25 26 33 36 50 134 159
10 2 4 12 31 53 77 98 117 167 185
12 41 61 95 99 101 116 147 153 169 190 218 232
11 11 25 42 43 82 124 143 187 195 219 223
12 8 18 27 28 35 37 38 41 56 192 216 237
11 68 80 93 106 110 118 137 147 160 169 228
12 2 23 26 33 50 69 128 159 178 192 220 237
12 4 22 46 59 83 97 104 117 127 151 161 238
11 29 38 60 73 78 85 109 111 145 184 186
11 64 68 100 110 119 133 163 169 172 180 228
11 7 15 32 49 154 155 174 196 208 209 236
13 19 34 42 43 58 79 140 177 187 195 197 210 235
12 10 43 68 114 139 142 166 177 181 195 210 235
12 5 17 65 151 174 196 206 209 215 227 236 238
12 52 88 103 114 115 140 166 181 201 210 214 235
12 11 25 40 42 77 92 126 131 168 176 187 223
11 22 46 63 84 89 94 107 152 167 175 203
10 45 70 73 102 109 111 136 186 226 239
12 0 11 17 40 86 108 154 156 194 196 223 236
13 44 68 87 95 99 106 118 130 133 169 190 218 228
11 1 21 29 30 62 75 85 97 121 182 186
13 42 48 65 92 103 120 171 194 197 210 214 219 223
11 9 28 41 56 61 91 105 107 122 125 152
11 17 59 83 104 127 135 141 161 206 215 238
12 9 14 63 84 91 94 105 107 122 144 150 234
13 28 41 61 101 113 116 122 130 178 191 231 232 237
11 7 15 86 108 138 146 155 156 196 208 236
11 65 67 86 138 154 171 174 196 200 208 221
12 11 15 20 55 82 86 108 124 146 154 193 208
10 0 36 62 66 71 126 173 183 185 229
13 23 31 53 58 81 89 98 112 113 188 191 217 231
10 33 50 101 128 134 163 172 216 220 237
11 32 67 72 74 80 93 106 110 133 193 200
11 4 17 40 71 77 97 121 127 135 151 206
12 52 76 103 115 164 165 201 202 205 221 230 233
11 50 64 100 101 137 159 169 172 180 211 216
11 13 24 44 52 115 118 162 165 201 213 233
12 44 52 67 72 80 106 118 162 164 213 230 233
13 10 43 52 82 103 140 142 171 181 195 200 210 219
10 4 12 22 46 53 89 129 144 175 203
10 31 42 48 77 79 92 143 176 187 188
12 68 95 101 130 133 137 147 163 180 211 218 228
10 9 13 61 90 96 99 116 123 190 212
13 65 67 82 86 103 149 155 166 200 208 210 219 221
12 6 16 27 33 100 119 137 159 163 180 207 216
12 16 18 27 30 33 36 39 62 66 157 183 229
14 5 49 65 67 76 138 141 155 196 202 209 221 227 230
12 4 8 12 21 46 84 97 107 144 167 183 203
12 2 25 26 31 36 77 79 126 143 168 185 187
13 10 19 34 43 50 64 68 114 139 140 211 232 235
10 23 69 101 113 134 153 220 231 232 237
11 5 14 24 51 70 76 102 204 230 233 239
12 37 78 95 101 119 137 163 169 172 207 216 228
10 10 52 68 80 114 118 140 142 166 201
12 1 7 57 75 85 121 148 186 206 209 226 236
11 8 12 18 21 39 62 71 157 173 175 185
10 6 27 29 30 38 60 78 85 136 207
11 2 12 36 39 71 77 126 129 157 176 183
12 1 29 57 85 111 136 145 148 182 222 226 239
11 19 25 42 43 79 131 139 143 168 176 195
11 31 42 48 53 58 79 81 158 168 197 224
12 34 58 88 99 113 114 116 212 217 218 232 235
10 44 61 87 90 95 99 125 130 147 170
10 89 96 98 112 113 122 153 158 217 231
10 8 18 27 33 39 69 132 134 216 237
10 15 20 32 67 74 110 156 160 200 208
12 17 40 65 86 92 127 146 149 196 215 219 223
11 42 43 82 131 139 140 166 187 210 219 223
13 17 65 86 138 141 146 154 155 174 194 209 215 236
12 42 48 58 79 81 88 139 149 188 210 214 235
10 6 15 30 55 60 74 75 85 108 229
12 47 48 54 81 88 103 115 120 202 205 214 225
12 10 20 52 67 80 82 155 160 166 171 193 208
12 13 52 88 99 114 115 118 142 162 164 181 212
13 65 76 103 115 120 162 174 199 205 214 221 225 227
12 8 12 28 69 89 98 107 122 144 167 175 231
12 24 51 54 59 63 76 123 179 205 225 234 238
14 13 24 47 54 76 115 123 162 199 202 204 225 233 234
12 1 17 57 97 104 121 141 151 161 182 209 236
10 6 27 37 38 78 119 172 180 184 216
12 15 32 67 82 86 138 154 155 156 171 193 200
12 5 7 49 57 138 141 174 182 196 206 226 236
13 42 103 139 140 142 149 166 171 195 197 214 219 235
11 34 50 64 68 101 163 169 177 218 220 232
11 13 47 88 96 99 115 116 170 189 201 217
10 44 45 70 72 102 106 164 165 230 233
12 48 81 88 103 115 120 142 149 197 199 202 210
12 17 65 83 92 120 127 141 151 194 196 227 238
12 27 33 37 101 132 159 163 172 180 192 207 237
12 47 58 81 88 96 112 113 116 158 189 191 212
11 68 99 114 116 118 130 147 169 189 211 232
12 42 65 82 86 131 149 166 171 194 195 210 223
11 23 26 34 50 101 113 134 159 178 211 232
12 52 65 67 76 103 155 162 171 174 202 227 230
11 1 14 51 57 63 84 104 105 111 186 239
13 11 40 42 82 86 92 131 143 146 149 194 195 219
9 22 48 53 54 81 83 112 117 188
11 54 59 76 83 120 199 202 204 205 227 238
11 7 49 57 70 73 85 145 182 186 209 239
12 5 65 76 83 120 141 174 202 215 221 225 238
11 78 87 93 95 106 119 133 137 147 169 180
11 0 16 30 55 62 66 75 108 157 173 198
13 5 49 67 70 72 76 162 165 174 179 213 221 233
13 23 28 69 89 98 113 122 153 158 178 191 203 237
13 34 101 113 114 116 130 153 177 178 189 211 218 220
10 24 70 76 162 164 165 179 205 213 230
11 9 14 24 51 54 63 94 123 152 204 205
11 34 58 88 114 139 140 142 177 189 197 210
14 0 7 17 75 108 121 138 141 146 154 182 196 206 209
12 28 41 69 101 132 134 153 159 178 192 216 231
12 5 51 59 83 104 135 141 151 204 215 225 227
10 14 51 57 70 102 145 179 186 222 226
