12 4 22 31 40 42 48 49 77 79 86 92 103
12 12 17 21 30 35 46 51 53 59 75 84 117
12 11 23 26 31 33 43 58 69 71 96 104 113
12 6 10 19 25 34 52 56 64 68 95 100 101
12 0 22 31 46 53 71 77 79 86 89 104 117
12 13 14 44 54 57 76 81 87 88 91 94 114
12 3 10 16 19 20 25 36 56 64 74 78 119
12 15 16 24 27 29 39 70 73 74 78 85 97
12 9 28 35 38 63 69 83 96 107 111 113 116
12 8 35 59 63 83 84 87 91 94 105 107 111
12 3 6 19 20 47 48 52 56 78 82 100 110
12 2 23 26 31 33 36 40 55 86 98 104 108
12 1 21 33 35 38 53 62 69 75 98 104 117
12 5 44 47 52 54 68 81 88 92 100 114 115
12 5 45 51 57 65 67 76 81 90 94 102 114
12 7 20 24 32 39 49 72 74 78 82 85 108
12 6 7 27 29 37 56 60 64 70 74 78 119
12 1 30 32 46 51 53 65 72 75 77 85 102
12 23 27 28 33 37 38 50 55 62 66 113 119
12 3 6 10 20 25 26 34 36 40 42 48 52
12 6 10 15 19 36 40 48 49 74 78 82 108
12 1 12 30 35 38 59 62 66 75 93 97 111
12 0 4 46 54 57 65 77 79 81 89 92 103
12 2 11 18 25 26 33 36 50 55 58 113 119
12 7 15 67 70 72 73 78 82 85 90 102 110
12 3 6 19 23 26 34 36 50 58 64 101 119
12 2 11 19 23 25 31 34 36 40 42 43 58
12 7 16 18 29 37 39 55 62 66 74 97 119
12 8 18 37 38 50 61 66 107 109 111 113 116
12 7 16 27 37 60 66 70 73 93 97 106 109
12 1 17 21 45 51 59 73 75 85 93 97 102
12 0 2 4 11 26 40 42 43 71 79 86 104
12 15 17 39 49 53 72 75 77 85 86 98 108
12 2 11 12 18 23 38 55 62 69 98 104 113
12 3 19 25 26 42 43 52 58 68 99 101 115
12 1 8 9 12 21 38 59 69 83 84 111 117
12 6 11 19 20 23 25 26 40 55 74 108 119
12 16 18 27 28 29 50 60 61 64 66 109 119
12 8 12 18 21 28 33 35 62 66 69 111 113
12 7 15 27 32 55 62 74 75 85 97 98 108
11 0 11 19 20 26 31 36 42 49 86 108
12 44 56 60 70 76 80 90 95 100 106 110 114
12 0 19 26 31 34 40 43 48 52 79 92 115
12 2 26 31 34 42 58 71 79 96 99 112 115
12 5 13 41 68 76 80 87 88 95 100 114 118
12 14 30 51 59 73 76 90 93 94 102 105 106
12 1 4 17 22 51 53 57 65 77 84 89 117
12 10 13 48 52 67 81 82 92 100 103 110 114
11 0 10 19 20 42 47 49 52 82 92 103
11 0 15 20 32 40 48 72 77 82 103 108
11 18 23 25 28 37 58 61 101 113 116 119
12 1 14 17 30 45 46 57 59 65 84 94 102
12 3 10 13 19 34 42 47 48 68 92 100 115
12 1 4 12 17 32 46 75 77 86 98 104 117
12 5 13 22 57 79 81 88 89 91 92 112 115
12 11 18 23 27 33 36 39 62 74 98 108 119
12 3 6 10 16 41 60 64 70 78 95 100 110
12 5 14 22 46 51 54 65 81 84 89 91 94
12 2 23 25 26 34 43 50 96 99 101 113 116
12 1 9 21 30 35 45 51 84 93 94 105 111
12 16 29 37 41 56 61 64 70 80 95 106 109
12 28 37 50 60 64 80 95 101 107 109 116 118
11 12 18 21 27 33 38 39 55 66 97 98
12 8 9 83 87 88 91 96 99 107 112 116 118
11 3 6 16 25 37 56 60 61 95 101 119
12 14 17 22 46 51 57 67 72 77 81 102 103
12 18 21 27 28 29 37 38 62 93 97 109 111
12 14 24 47 65 72 81 82 90 102 103 110 114
12 3 13 34 44 52 88 95 99 100 101 115 118
12 2 8 12 33 35 38 71 83 96 104 113 117
12 7 16 24 29 41 56 60 73 78 90 106 110
12 2 4 31 43 69 79 83 89 96 104 112 117
12 15 17 24 32 49 65 67 77 82 85 102 103
12 7 24 29 30 45 70 85 90 93 97 102 106
12 6 7 15 16 20 27 36 39 55 78 108 119
11 1 12 17 21 30 32 39 53 85 97 98
12 5 14 41 44 45 80 87 90 94 105 106 114
12 0 4 17 22 32 46 49 53 65 72 86 103
12 6 7 10 15 16 20 24 56 70 74 82 110
12 0 4 22 31 42 43 54 71 89 92 112 115
12 41 44 60 61 76 87 95 105 106 107 109 118
12 5 13 14 22 47 54 57 65 67 92 103 114
12 10 15 20 24 47 48 49 67 72 78 103 110
12 8 9 35 63 69 71 84 89 91 96 112 117
12 1 9 35 46 51 57 59 83 89 91 94 117
12 7 15 17 24 30 32 39 72 73 75 97 102
11 0 4 11 31 32 40 53 77 98 104 108
12 5 9 44 63 76 80 88 91 94 105 107 118
12 5 13 44 54 63 68 87 91 99 112 115 118
12 4 22 46 54 57 71 79 83 84 91 112 117
12 14 24 41 45 67 70 73 76 102 106 110 114
12 5 9 54 57 63 83 84 87 88 89 94 112
12 0 13 22 42 47 48 52 54 79 81 103 115
12 21 29 30 45 59 66 73 97 105 106 109 111
12 5 9 14 45 51 57 59 76 84 87 91 105
12 3 41 44 56 60 61 64 68 80 100 101 118
12 2 8 43 58 63 69 71 83 99 112 113 116
12 7 21 27 29 30 39 62 66 73 75 85 93
12 11 12 32 33 39 53 55 62 75 86 104 108
12 34 43 58 63 68 88 96 101 112 115 116 118
12 3 10 13 41 44 47 52 56 68 95 110 114
12 3 25 34 50 58 61 64 68 95 99 116 118
12 14 17 24 30 45 51 65 67 72 73 85 90
12 0 22 47 48 49 65 67 72 77 81 82 92
12 2 4 11 12 31 33 53 69 71 86 98 117
12 9 45 59 76 80 87 93 94 106 107 109 111
12 29 41 45 60 70 73 76 80 90 93 105 109
12 8 9 28 61 63 80 87 105 109 111 116 118
12 11 15 20 32 36 39 40 49 55 74 86 98
12 28 29 37 60 61 66 80 93 105 106 107 111
12 10 24 41 47 56 67 70 78 82 90 100 114
12 8 9 21 28 35 38 59 66 93 105 107 109
12 43 54 63 71 79 83 88 89 91 96 99 115
12 2 8 18 23 28 33 38 50 58 69 96 116
12 5 13 14 41 44 47 67 76 81 90 100 110
12 13 34 42 43 52 54 68 79 88 92 99 112
12 8 28 50 58 61 63 96 99 101 107 113 118
12 1 4 12 35 46 53 69 71 83 84 89 104
12 44 61 63 68 80 87 88 95 99 101 107 116
12 6 16 18 23 25 27 36 37 50 55 64 74
