13 4 11 12 21 35 69 71 84 89 99 103 104 117
10 9 12 29 51 59 74 76 97 98 116
11 25 26 34 42 47 58 67 88 101 112 113
10 6 9 28 29 37 41 56 64 110 119
11 0 32 49 53 65 71 81 92 103 104 117
10 17 22 30 42 48 52 57 82 115 118
12 3 28 29 36 60 62 64 66 70 75 98 119
12 15 17 24 32 72 73 74 78 81 85 94 97
11 14 27 29 38 76 79 83 87 95 96 116
10 1 3 14 29 41 51 56 76 93 109
11 19 24 25 47 48 49 52 72 80 100 102
12 0 23 31 33 40 69 71 77 89 92 103 112
12 0 1 21 35 59 60 84 97 98 104 116 117
11 34 47 52 58 80 91 105 106 113 114 118
10 8 9 28 29 37 38 45 76 95 109
13 7 32 39 41 53 73 74 75 97 98 104 110 119
12 20 26 36 55 58 64 66 68 70 86 88 91
11 5 7 24 46 48 57 65 72 81 85 94
13 26 33 35 36 40 53 55 62 69 71 75 86 108
10 10 20 24 44 73 78 80 100 102 110
12 16 19 25 26 39 44 58 70 80 86 102 108
12 0 12 54 59 77 83 84 89 96 99 107 116
13 5 23 31 42 43 54 57 77 82 87 90 107 118
13 11 22 31 33 42 63 77 79 89 101 107 112 113
12 7 10 17 19 30 48 52 72 73 78 94 100
11 2 10 20 26 47 49 58 67 80 102 108
11 2 16 18 20 25 40 55 58 86 88 108
11 8 28 29 38 50 60 61 62 84 96 116
11 3 6 14 27 29 37 38 50 64 66 68
11 1 3 6 8 9 14 27 28 60 76 116
12 5 24 45 52 78 90 93 100 105 109 114 115
12 11 22 23 42 48 57 65 67 77 92 103 112
10 4 7 15 39 49 53 72 73 102 108
12 11 18 23 40 55 61 63 69 88 89 101 112
10 2 13 38 58 68 88 91 101 106 113
12 0 12 18 36 53 60 62 69 75 84 98 104
10 6 16 18 35 55 62 66 70 75 86
11 3 14 28 44 45 56 64 68 91 105 106
11 8 14 27 28 34 50 63 68 79 95 106
12 15 20 32 53 70 73 75 86 102 108 110 119
11 11 18 26 33 55 67 69 71 92 108 112
10 3 9 15 56 73 74 78 93 110 119
11 2 5 22 23 31 47 48 67 112 113 118
9 22 79 82 87 90 95 113 114 118
11 19 20 37 56 64 70 80 91 100 105 110
9 14 30 37 90 95 105 106 109 114
12 17 51 54 57 59 81 82 85 94 99 111 115
12 2 10 13 25 42 48 52 58 67 80 113 118
12 5 10 17 24 31 42 47 49 52 65 67 72
11 4 10 25 32 48 65 67 72 92 102 108
10 27 28 38 55 61 62 63 66 68 88
13 1 9 46 59 74 76 85 93 94 97 109 111 115
10 5 10 13 24 30 47 48 100 114 118
11 4 15 18 32 35 39 71 75 86 104 108
12 21 22 46 57 59 77 82 83 87 99 107 111
13 16 18 26 33 36 40 50 61 62 66 69 86 88
10 3 9 37 41 44 78 93 100 105 110
12 5 17 22 31 46 54 65 77 81 82 99 103
11 2 13 16 20 25 26 34 47 80 88 91
13 1 12 21 46 51 54 83 85 97 99 111 116 117
9 6 12 27 29 35 62 84 98 116
10 27 33 50 55 62 63 69 84 89 96
13 6 18 27 35 36 50 55 60 61 66 69 75 84
11 23 33 38 50 61 79 88 89 96 101 107
9 3 6 16 28 37 44 66 68 70
11 4 17 31 48 49 57 67 72 81 92 103
10 6 16 28 36 50 55 62 64 68 70
11 2 25 31 40 42 47 48 49 65 92 112
11 16 28 34 37 38 50 64 66 88 91 106
12 0 11 18 33 35 40 55 61 62 71 84 89
11 6 16 20 36 39 44 64 66 86 110 119
10 0 4 11 18 40 53 69 92 103 108
10 7 10 17 24 32 48 49 65 73 102
11 7 15 19 24 32 39 41 72 78 102 110
10 1 7 15 41 51 78 85 93 94 97
12 6 15 18 35 36 39 53 62 86 98 104 119
10 1 8 9 14 29 51 83 109 111 116
11 11 21 22 23 31 54 57 89 99 103 107
11 7 19 24 30 41 56 73 74 93 94 100
10 8 23 38 43 63 87 95 96 101 107
11 10 13 19 20 25 44 47 58 91 100 105
10 4 7 17 46 57 65 85 99 103 117
11 5 22 43 46 54 57 87 90 109 111 115
10 8 21 54 59 76 87 96 107 111 116
12 0 12 21 27 35 60 61 62 69 89 96 116
11 7 17 46 51 59 74 81 94 97 99 117
11 16 18 20 26 36 39 53 55 70 75 108
12 8 22 43 54 79 82 83 90 95 96 107 111
11 2 16 26 33 34 50 55 58 63 68 101
12 0 11 21 23 33 61 63 69 77 84 96 107
12 22 30 43 45 82 87 95 109 111 114 115 118
10 13 16 34 37 44 58 68 80 105 106
10 4 11 31 40 49 65 67 71 103 112
10 9 30 41 51 56 74 78 94 109 115
10 7 17 24 46 51 74 78 85 93 115
10 8 14 38 43 45 79 87 90 106 114
12 8 21 27 61 63 79 83 84 87 89 107 116
11 1 7 12 15 51 59 74 85 98 104 117
10 1 6 12 15 35 60 75 97 104 119
11 0 21 46 54 57 59 77 81 85 103 117
10 10 19 24 30 44 52 56 78 80 105
9 2 23 33 34 63 79 88 112 113
10 10 19 20 25 32 39 49 72 73 108
11 0 4 11 31 57 65 71 77 81 92 99
10 0 4 12 15 35 53 75 97 98 117
11 13 30 37 44 45 56 80 91 100 106 114
10 13 34 37 38 45 68 91 95 105 114
11 21 22 23 54 63 77 79 83 87 89 96
12 18 20 25 26 32 39 40 49 53 71 86 102
11 9 14 30 45 51 76 82 90 93 111 115
10 3 15 19 39 41 44 56 70 73 119
11 46 51 54 59 76 82 83 87 90 109 115
10 2 11 23 31 33 40 42 67 92 101
10 2 13 23 34 42 43 47 101 114 118
11 13 30 43 45 52 90 95 105 106 113 118
10 5 30 46 51 82 90 93 94 109 111
12 1 8 12 21 27 29 59 60 76 83 84 96
9 0 4 12 59 81 85 97 99 104
10 5 13 22 42 43 47 52 90 113 114
9 3 6 15 39 41 70 75 98 110
